1 1 1 0
1 1
1 1 0 1
1 1
2 1 1 0
2 1
2 1 0 1
1 1
2 1 1 1
1 1
2 1
2 1 1 1
2 1
1 1
2 1 2 0
1 1
2 1
2 1 0 2
1 1
2 1
1 2 1 0
1 1
1 2 0 1
1 2
1 2 1 1
1 1
1 2
1 2 1 1
1 2
1 1
1 2 2 0
1 1
1 2
1 2 0 2
1 1
1 2
2 2 1 3
2 2
1 1
2 1
1 2
2 2 0 2
1 2
2 1
1 1 0 0
2 1 0 0
1 2 0 0
2 2 0 0
1 1111 0 0
1 987654 0 0
1000000 1000000 0 0
1000000 1 0 0
44444 1 0 0
12345 67890 0 0
2 1000000 0 2
2 2
1 999999
1000000 4 0 2
1000000 2
1 3
1000000 1000000 0 2
1 1000000
1000000 1
1000000 1000000 0 1
1 1000000
1000000 1000000 0 1
1 1
1000000 1000000 0 1
1000000 1000000
